 &GENERAL TWOC=T &END
 &RELONEL GNUC=F &END
 &TITLE SCFTXT='Chlorine atom average' &END
 &SCF NCYCLS=100  CONVCRT=1.D-12  &END
 &MOTRAN &END
 &PRFLAG &END
 &OSSEL &END
 &XTRPOL CODIIS=0.01  &END
 &OCCUP TOTAL=17 NOPEN=1 &END
   3   3   0   0   0   0   0   0   2   2   0   0   1   1   1   1
   0   0   0   0   0   0   0   0   0   0   0   0   1   1   1   1
0.75
 &EDIT NMO=58 &END
   2   2   0   0   0   0   0   0   1   1   0   0   1   1   1   1
   3   3   2   2   4   4   4   4   4   4   2   2   5   5   5   5
 &CCINP NELEC=7 TRIPLES=F &END
 &RASORB NORBR=7,0,51 NELEC=7, MAXH1=2, MAXE3=2 &END
 &CIROOT IREPNA='1E2U' &END
 &OPTIM IGENEX=1 &END
 &MOLFDIR NAME='Chlorine atom in non-relativistic ccpvtz basis'
          GROUPN='OH'
          NEQNUC=1 &END
CL         0.0         0.0       0.0       
CONTRACTED
   S   P   D   F
  15   9   2   1
   5   4   2   1
456100.00000      0.0000493 -0.0000138  0.0000042  0.0000000  0.0000000
 68330.00000      0.0003830 -0.0001073  0.0000324  0.0000000  0.0000000
 15550.00000      0.0020085 -0.0005651  0.0001711  0.0000000  0.0000000
  4405.00000      0.0083856 -0.0023614  0.0007142  0.0000000  0.0000000
  1439.00000      0.0294703 -0.0084589  0.0025671  0.0000000  0.0000000
   520.40000      0.0878325 -0.0259638  0.0078855  0.0000000  0.0000000
   203.10000      0.2114730 -0.0686362  0.0210867  0.0000000  0.0000000
    83.96000      0.3653640 -0.1418740  0.0442264  0.0000000  0.0000000
    36.20000      0.3408840 -0.1993190  0.0651670  0.0000000  0.0000000
    15.83000      0.1021330 -0.0195662  0.0060301  0.0000000  0.0000000
     6.33400      0.0031168  0.4997410 -0.2064950  0.0000000  0.0000000
     2.69400      0.0010575  0.5637360 -0.4058710  0.0000000  0.0000000
     0.97680     -0.0003780  0.0790325  0.0759558  1.0000000  0.0000000
     0.43130      0.0001561 -0.0083509  0.7256610  0.0000000  0.0000000
     0.16250     -0.0000514  0.0023246  0.3944230  0.0000000  1.0000000
663.30000         0.0024045 -0.0006521  0.0000000  0.0000000
156.80000         0.0192148 -0.0051945  0.0000000  0.0000000
 49.98000         0.0885097 -0.0246938  0.0000000  0.0000000
 18.42000         0.2560200 -0.0728167  0.0000000  0.0000000
  7.24000         0.4369270 -0.1340300  0.0000000  0.0000000
  2.92200         0.3503340 -0.0947742  0.0000000  0.0000000
  1.02200         0.0585495  0.2622890  1.0000000  0.0000000
  0.38180        -0.0045842  0.5646670  0.0000000  0.0000000
  0.13010         0.0022697  0.3412500  0.0000000  1.0000000
1.04600           1.000000   0.000000
0.34400           0.000000   1.000000
0.70600           1.000000
