Co4+ Minimal + 3231 diffuse                                                     
18-Nov-92 15:04:31(4F20.10)    4(4F20.15)    4
   1   1  17   6
  1084972.4046765571   162536.2440878314    36991.6657512951    10477.4164326834
     3418.4052294473     1234.4886328448      481.3642010999      198.7287460788
       20.7965155176        0.3605114786       84.1211960383       25.1128634902
        9.1834004938        3.7092623217        1.4923545649        0.5677846809
        0.1450000000
   0.000138995315279   0.000663670252028   0.002837461808755   0.010570442783602
   0.034952356241259   0.099552081334091   0.231383880844022   0.378773179030812
  -0.139058155922132   0.000940211997685   0.333030681297171   0.188607053115854
   0.016606510328873  -0.005771287766714   0.002784937690399  -0.001902006534552
   0.000000000000000  -0.000043507412562  -0.000209337439835  -0.000890581720996
  -0.003378506128940  -0.011163721922381  -0.033813862245850  -0.083722892513117
  -0.177272349107801   0.510393457300971  -0.001902351627660  -0.202332816177424
  -0.077189660806870   0.606619079186308   0.109908529121810  -0.005194856608486
   0.004302687535804   0.000000000000000   0.000016589689751   0.000079727652364
   0.000340245203780   0.001286484557286   0.004282831680909   0.012940254826207
   0.032729052161742   0.070254453394087  -0.247585824095741  -0.024425612147263
   0.086850525931430   0.010190357361545  -0.564489909064390   0.197534106257193
   0.886874515664618   0.209561931043101   0.000000000000000  -0.000014998049794
  -0.000071452569625  -0.000307382478685  -0.001137868645262  -0.003820099863226
  -0.010844777502175  -0.026501040064465  -0.046084655918636   0.114064101312104
   0.045410681181747  -0.054160535675213   0.014353806584014   0.605439022177029
  -0.432029694984359  -1.601980836821861   1.798371167034851   0.000000000000000
   0.000013451786498   0.000063655640881   0.000275462428685   0.001003007152025
   0.003386763050403   0.009119557309550   0.021500918314093   0.028747217037391
  -0.018908379716043   5.465329432276863   0.030305441543402  -0.027287811198896
  -0.572054300405401   0.538797767080060   1.899841471811897  -6.978143089898466
   0.000000000000000  -0.000009322872364  -0.000043976252818  -0.000190823493773
  -0.000689361946494  -0.002333672012575  -0.006118449988360  -0.014135657420513
  -0.015706736509859  -0.015476777569499 -10.225998730320864  -0.014776091456082
   0.023336811163514   0.400039252014519  -0.419188010513667  -1.454000279372644
   8.637432341005784   3.514908730197032
   1   2  10   5
     2344.7803037885      555.6471279394      178.8630683156       67.1082326484
       27.3476842044       11.6614995468        4.7724007891        1.9906731303
        0.7986484906        0.3200000000
   0.001726011550220   0.013772055652813   0.066553145097336   0.211596479553092
   0.411082534460913   0.388997316757635   0.098939042648056  -0.001721207866855
   0.001705357648670   0.000000000000000  -0.000656673827920  -0.005255135814557
  -0.026075297657154  -0.085918370352141  -0.179679627285346  -0.157336909838912
   0.244160295671888   0.602396849684663   0.307938960251698   0.000000000000000
   0.075927875116175   0.150400194592469   0.341819972182355   0.442763677768754
   0.133353129317819  -0.687192836599552  -0.294316870587053   0.355922604101604
   0.175306518828516   0.000000000000000  -0.037080302785586  -0.069480462209344
  -0.143219886012710  -0.129951678410728   0.131268887134758   0.506120770476223
  -0.312626035150520  -1.237916710046792   1.475948522942383   0.000000000000000
   0.016371351030592   0.030521896149856   0.062127412217680   0.052614843418858
  -0.071817367720652  -0.232489817895192   0.233117855211263   0.752993862571423
  -2.054065319734870   1.821940849989310
   1   3   7   4
       84.1211960383       25.1128634902        9.1834004938        3.7092623217
        1.4923545649        0.5677846809        0.3605114786
   0.009345943101513   0.057854283639333   0.191552688930978   0.364596938619916
   0.431424557841972   0.236742231391792   0.000000000000000  -0.019880276062436
  -0.123065068731072  -0.407462392514798  -0.775554453151906   1.432780264129562
  -0.503587584964417   0.000000000000000  -0.001783154034541  -0.011038275984178
  -0.036547189126270  -0.069563070844714  -0.826588109558984   1.314010561992422
   0.000000000000000  -0.005903919081611  -0.036547088444814  -0.121005613133941
  -0.230319273254149   1.294878998972075  -3.692278416675602   3.157327624959521
   1   4   1   1
        0.7986484906
   1.000000000000000
   2   1  10   5
     2344.7803037885      555.6471279394      178.8630683156       67.1082326484
       27.3476842044       11.6614995468        4.7724007891        1.9906731303
        0.7986484906        0.3200000000
   0.020395776695440   0.064680516397425   0.169687464896166   0.316703581416362
   0.376449606216252   0.208040586202084   0.016941484498878  -0.011580290538270
  -0.001863373374504   0.000000000000000   0.006877114477108   0.022142461479053
   0.064645642366278   0.137890481282773   0.210325217790519   0.084807182738841
  -0.420168175199280  -0.572793458608506  -0.178473480689914   0.000000000000000
  -0.179104536313130  -0.233757735695591  -0.388868190920944  -0.297239628988430
   0.212964513850146   0.859294443293340   0.069924865257061  -0.451722542871528
  -0.184180098353707   0.000000000000000  -0.512137338937492  -0.290563556931451
  -0.025380512139431   0.406737970561883   0.450587226392529  -0.385896135384726
  -0.538905404420595  -0.228446398708490   0.877416135878936   0.000000000000000
   0.005452105099188   0.025219232259719   0.055664498742014   0.025674319273187
  -0.135809488475278  -0.222422503275148   0.457363888268236   0.764841390059618
  -2.802192309437958   2.379464231376070
   2   2  17   9
  1084972.4046765571   162536.2440878314    36991.6657512951    10477.4164326834
     3418.4052294473     1234.4886328448      481.3642010999      198.7287460788
       20.7965155176        0.3605114786       84.1211960383       25.1128634902
        9.1834004938        3.7092623217        1.4923545649        0.5677846809
        0.1450000000
   0.003956370113982   0.011781630563028   0.029038642092760   0.063574003734142
   0.126170350438067   0.221840513689657   0.326528740686002   0.346040145466537
  -0.041451447722691   0.000037284561607   0.198655192026803   0.061663196041206
   0.003292382519430  -0.000716222355810   0.000226186171182  -0.000092020070485
   0.000000000000000  -0.000933667115724  -0.002665699751174  -0.006881527391044
  -0.013437280959684  -0.026938801009896  -0.027920741458134  -0.010146281708974
   0.146207211943298  -0.571763920098800   0.000245561825460   0.202690144782276
   0.005006135033790  -0.516275503788385  -0.057935743692364   0.001280158624407
  -0.000794573309805   0.000000000000000  -0.000562601109070  -0.001596019840028
  -0.004193792234099  -0.008223273523578  -0.017761940194558  -0.022981455228532
  -0.032899359114199   0.012106652958585  -0.045686110875778   0.011093520256437
   0.003657257834156   0.070098131230594   0.535123411333339  -0.358026557678236
  -0.786609127349814  -0.116178736212532   0.000000000000000  -0.006688628385898
  -0.019359036974191  -0.049346521706750  -0.100446399118385  -0.203551359799710
  -0.274542299465295  -0.299344448470769   0.310590194617880  -1.990920935453938
   0.026152953069816   0.757105008332758   0.800906336200277   0.814085705596257
   0.570040599574728  -0.607669469324486   0.133335380043898   0.000000000000000
  -0.003993403017341  -0.011221207559432  -0.029822208097503  -0.056873479388244
  -0.123356502026719  -0.138837457500868  -0.166395526405134   0.314704562943241
  -0.947465459798532   0.078646084022639   0.155277350820623   0.121179195958437
   2.430065962667382  -3.585922004632322   2.836755656239739  -1.074923302215578
   0.000000000000000  -0.000619691995849  -0.001802836482469  -0.004572641330952
  -0.009435763399752  -0.019119425157169  -0.027469601812841  -0.033459138826078
   0.009603736295304  -0.136469663262892   0.002600462294631   0.059291403794248
   0.111935332662436   0.203906488181183   0.140243750222146  -1.399912138136175
   1.607831428684828   0.000000000000000  -0.000680980823326  -0.001806393516398
  -0.005193038665329  -0.008674506388129  -0.021351813443450  -0.014477829168106
  -0.019627981488302   0.108934191151355  -0.136263467650824   4.446220358960323
  -0.051509690412465  -0.117686581645053   0.870270684884406  -1.848592254658475
   3.160800837929107  -5.972661750648168   0.000000000000000  -0.330112959681691
  -0.321742055443812  -0.332144642210022  -0.278104433926237  -0.126908426068031
   0.079932247451364   0.326215529542621  -0.075714232866494   2.112189955921473
  -0.239357398356008  -0.324115333352816  -0.813981043821515  -1.761982615819298
   1.148982701627379  -0.646843148628444   0.459227845790142   0.000000000000000
  -0.009560906234577  -0.008483730608440  -0.006478881060832  -0.002251965627934
   0.011037370461976   0.013195673704465   0.023760320868621  -0.075561933743689
   0.158447757950622  -6.893419602139757   0.020305311998573   0.054389951456994
  -0.623233571182111   1.254260762121425  -2.339895364022275   6.366904775130521
   2.530926353698717
   2   3  10   7
     2344.7803037885      555.6471279394      178.8630683156       67.1082326484
       27.3476842044       11.6614995468        4.7724007891        1.9906731303
        0.7986484906        0.3200000000
   0.015660912587082   0.062773090195981   0.174004279585643   0.340519436795319
   0.423134265490534   0.261704052991915   0.042593132773707  -0.000478418753851
   0.000300183897840   0.000000000000000   0.002146193214303   0.008837941115264
   0.030567478846434   0.076356032752866   0.139583931116106   0.057426674852286
  -0.406150995943751  -0.568430775329777  -0.184587518993712   0.000000000000000
  -0.155429921774328  -0.543341298933604  -0.397293692991478   0.202327238465613
   0.544126163559724  -0.253230856891031  -0.418360891397199   0.281526092811660
   0.178396202161091   0.000000000000000  -0.057214043844673  -0.203351774788269
  -0.249179530179641  -0.167525577656758  -0.076659643603069   0.347903391948361
   0.575130370728818  -0.252672843727613  -0.545923035020552   0.000000000000000
   0.020923679467237   0.070242107925970  -0.050286092657513  -0.242576151836107
  -0.232749917526980   0.660538398157731   0.301216851763817  -1.432350527380661
   1.288651421351180   0.000000000000000  -0.992024991458792   0.475456405061237
   0.219502975548042  -0.434565607485181  -0.036661604731672   0.662038886734678
  -0.883239456556611   0.677910144456780  -0.273653120666985   0.000000000000000
  -0.112758287300252   0.005587302229174   0.024960464303446   0.038035660316868
   0.067512420346812  -0.190725118890450  -0.079150070135541   0.782936392995702
  -1.612156921940844   1.565497174002311
   2   4   7   5
       84.1211960383       25.1128634902        9.1834004938        3.7092623217
        1.4923545649        0.5677846809        0.3605114786
   0.051081602025219   0.171473939587268   0.346537884334923   0.419018737029308
   0.314481501399775   0.106444414229987   0.000000000000000  -0.455913867803598
  -0.061054031065991  -0.452124310366226  -0.011370981035704   0.437504078603728
   0.412078280517781   0.000000000000000   0.623819514145409  -0.238767892185199
   0.049229399178760  -0.789375136678056   1.388555916021025  -0.858134594965497
   0.000000000000000   0.604400913537862  -0.103252518579820   0.277466711253955
  -0.440355218267622  -0.300128280326400   0.878134224181732   0.000000000000000
   0.117239111197621  -0.070778228906481  -0.035738178206552  -0.212033987202694
   0.968662854538155  -2.900776486354578   2.642395569609533
   2   5   1   1
        0.7986484906
   1.000000000000000
