Co4+ Minimal + 3231 diffuse                                                     
 6-Nov-92 11:41:45(4F20.10)    4(4F20.15)    4
   1   1  17   6
  1084972.4046765571   162536.2440878314    36991.6657512951    10477.4164326834
     3418.4052294473     1234.4886328448      481.3642010999      198.7287460788
       20.7965155176        0.3605114786       84.1211960383       25.1128634902
        9.1834004938        3.7092623217        1.4923545649        0.5677846809
        0.1450000000
   0.000053153444307   0.000415334489982   0.002179487444650   0.009092392777184
   0.032034847753356   0.095020808833256   0.227124234020918   0.379714222568943
  -0.144315672098965   0.000981118574836   0.339777838927857   0.195537541244185
   0.017290672795337  -0.006014773951018   0.002905821632751  -0.001984644514094
   0.000000000000000  -0.000016163908494  -0.000127153917588  -0.000662286771747
  -0.002812195295897  -0.009909600704182  -0.031237298058991  -0.080056208133588
  -0.173339647742670   0.532118226631721  -0.002718297419633  -0.209854913597716
  -0.116521204842749   0.613720617043053   0.120291487476070  -0.007314985782252
   0.005942138934074   0.000000000000000   0.000006150287838   0.000048243118018
   0.000252393339915   0.001066402206197   0.003792060942258   0.011903539998580
   0.031230205365588   0.068414432986664  -0.253602575394771  -0.026383259498140
   0.090211183063642   0.029282406638166  -0.568457773082246   0.168983939549948
   0.894585559974646   0.223231372776597   0.000000000000000  -0.000005775941259
  -0.000044874417412  -0.000237570643843  -0.000981215428356  -0.003520589679964
  -0.010353840308100  -0.026083426502604  -0.045700800151066   0.109437421390029
   0.050706507956485  -0.055906160801820   0.006764734177279   0.617535538302352
  -0.397556104069968  -1.652923218484253   1.806319624307268   0.000000000000000
   0.000005291229935   0.000040824660022   0.000217961704867   0.000885212758388
   0.003194327926966   0.008909408564999   0.021547329608658   0.028682605578065
  -0.004709246364233   5.499676559713746   0.029957369439070  -0.028215015304616
  -0.583970747536980   0.504600401839918   1.972811371585130  -7.052319848590380
   0.000000000000000  -0.000003710161063  -0.000028536578862  -0.000152931205452
  -0.000616348602343  -0.002229435487877  -0.006060431237837  -0.014333665874135
  -0.015794501929137  -0.028633021021498 -10.296596907376323  -0.013920349604035
   0.026624508340646   0.408911564569542  -0.395145225513518  -1.514609440013765
   8.735632862436116   3.523883295768165
   1   2  10   4
     2344.7803037885      555.6471279394      178.8630683156       67.1082326484
       27.3476842044       11.6614995468        4.7724007891        1.9906731303
        0.7986484906        0.3200000000
   0.001604455745641   0.013330658589965   0.065609981064684   0.210778199047052
   0.411495010974948   0.389940373208022   0.098820812072803  -0.001774297209926
   0.001706024020479   0.000000000000000  -0.000607408272854  -0.005062224069393
  -0.025590284739083  -0.085326566799005  -0.179565296850764  -0.158404988286087
   0.243371084289883   0.603234798206646   0.308086953723854   0.000000000000000
   0.000542991522648   0.004536041998456   0.023392363871793   0.080072936486251
   0.176842193285978   0.149005159755335  -0.410234961208008  -0.952741665771966
   1.400685404066779   0.000000000000000  -0.000232509570794  -0.001946597195744
  -0.010222475234783  -0.035801429951381  -0.082234644558815  -0.066755996290928
   0.252526849863571   0.572915912308930  -1.920552524429889   1.788101628047424
   1   3   7   4
       84.1211960383       25.1128634902        9.1834004938        3.7092623217
        1.4923545649        0.5677846809        0.3605114786
   0.009083067938435   0.057651993113661   0.191820402385760   0.365405164444249
   0.431683761205660   0.235127150422751   0.000000000000000  -0.019297227313214
  -0.122483242855254  -0.407527713459750  -0.776313308179171   1.430985222347399
  -0.499534089139227   0.000000000000000  -0.001655527562507  -0.010507954391628
  -0.034962191778512  -0.066600660186641  -0.830454586856042   1.315943497166246
   0.000000000000000  -0.005734168219337  -0.036395877354929  -0.121096799301307
  -0.230681383794507   1.295295984004294  -3.692588022440097   3.157464923703028
   1   4   1   1
        0.7986484906
   1.000000000000000
