F- plus 3s plus 3p plus 1d                                                      
14-Oct-92 16:34:50(4F20.10)    4(4F20.15)    4
   1   1  10   5
    18648.5000000000     2790.7700000000      633.2580000000      178.5990000000
       57.7896000000       20.4555000000        7.5879600000        1.9921300000
        0.7498540000        0.2418450000
   0.000536487979245   0.004159964403609   0.021438898471793   0.083437300847190
   0.240206434914763   0.438881555929360   0.335678712606665   0.035458730730390
  -0.007245422528457   0.002243916204142  -0.000120825905814  -0.000944458781065
  -0.004870557690966  -0.019753858450876  -0.060604997306782  -0.141669180206040
  -0.164292837357769   0.236016618503409   0.597873889117288   0.322217239157980
  -0.000407437072363  -0.003148310512587  -0.016220610019572  -0.061969514220329
  -0.172979669187061  -0.271138686616880  -0.126175725668433   1.689536647382352
  -0.860071531997332  -0.470205657259219  -0.000179173411435  -0.001342905097098
  -0.006901377659361  -0.021961891708029  -0.040307244172456   0.116147186389136
   0.431991087829136  -2.249766643047646   3.404063334012325  -1.980546851534482
  -0.001942460205982  -0.014804586320920  -0.076189431935123  -0.269363648334822
  -0.648385749733070  -0.132282172943207   1.801595031506059  -1.877761808895331
   0.985458634475852  -0.090265762265725
   1   2   6   4
       63.1253000000       14.5012000000        4.3823300000        1.4535500000
        0.4632370000        0.1265780000
   0.008585317299597   0.057444174462815   0.201724554335198   0.382282875280618
   0.418685787743008   0.246206986100071  -0.015514000638816  -0.103803846522272
  -0.364524077050483   1.374481839418455  -0.756581422891977  -0.444905552857873
  -0.025626533413950  -0.171466587073860  -0.602132786906740  -0.151874128789083
   1.142176183926660  -0.734909536347292  -0.037193135752185  -0.248858475978276
  -0.873906982365121   1.305592792749961  -1.261381808413282   1.023972764958985
   1   3   1   1
       0.2418450000
1.
