F- plus 3s plus 3p plus 1d                                                      
20-Nov-92 14:00:35(4F20.10)    4(4F20.15)    4
   1   1  10   5
    18648.5000000000     2790.7700000000      633.2580000000      178.5990000000
       57.7896000000       20.4555000000        7.5879600000        1.9921300000
        0.7498540000        0.2418450000
   0.000572698667099   0.004267744620160   0.021713729356992   0.083944191635289
   0.240749295140816   0.438757755687812   0.334906745352661   0.035308795503478
  -0.007208164656100   0.002233129728899  -0.000129441024958  -0.000972403693455
  -0.004949853793894  -0.019944694243076  -0.060910931083294  -0.142048290739397
  -0.163658158093822   0.237619736542575   0.597657187698026   0.320899734402056
  -0.000434076614933  -0.003223360444797  -0.016396557646446  -0.062210444240908
  -0.173014637592326  -0.270111313469235  -0.125746403892708   1.689813780610533
  -0.862504004841800  -0.469738741631404  -0.000191513545638  -0.001379043410604
  -0.007001668798443  -0.022085755213207  -0.040486126242103   0.117426009723011
   0.429866064522890  -2.247376435747748   3.402534767435907  -1.980635911214778
  -0.002073115453108  -0.015181992242051  -0.077162336767519  -0.270673119236022
  -0.649525056792009  -0.123263883633811   1.792885368958260  -1.872984489176879
   0.982857453661967  -0.089603402744700
   1   2   6   4
       63.1253000000       14.5012000000        4.3823300000        1.4535500000
        0.4632370000        0.1265780000
   0.008759948223501   0.057811299831553   0.202364192280130   0.382703389356519
   0.418529045635066   0.244918093159167  -0.015874464173508  -0.104763565329975
  -0.366717135580056   1.376246479173667  -0.758443334480259  -0.443831789424132
  -0.026143590814999  -0.172534691840374  -0.603944966750635  -0.149081589803182
   1.139080928444011  -0.730944778139816  -0.037654892191199  -0.248503553565553
  -0.869868365571464   1.302940824661733  -1.262859064470256   1.027550079281497
   1   3   1   1
        0.2418450000
   1.000000000000000
   2   1   6   4
       63.1253000000       14.5012000000        4.3823300000        1.4535500000
        0.4632370000        0.1265780000
   0.055395511180152   0.175795527825164   0.338446484197964   0.368721255483299
   0.227818263315952   0.069750516379946  -0.146609628343209  -0.463781888712837
  -0.892465019131501   1.847449892205590  -0.600129639281085  -0.183581408902905
  -0.017202937255089  -0.053580917683029  -0.102867342463747  -1.133738458133981
   1.578775103800263  -0.020962451924606  -0.052450965558253  -0.165246714558852
  -0.317794664845947   1.391244244501950  -2.197767120812903   1.715045396562493
   2   2  10   5
    18648.5000000000     2790.7700000000      633.2580000000      178.5990000000
       57.7896000000       20.4555000000        7.5879600000        1.9921300000
        0.7498540000        0.2418450000
   0.014816072476877   0.044361858909167   0.108699137634799   0.224254705087769
   0.366600667843041   0.397868658277730   0.185038789959631   0.009996997796799
  -0.001252305159362   0.000220326173787  -0.004079012823053  -0.011734879319265
  -0.028689279489019  -0.046638844385967  -0.043475702181200   0.115908570052425
   0.230755577036138  -0.405537131605499  -0.599457971303604  -0.183741367771367
  -0.004533982004921  -0.013108191801666  -0.032055775472543  -0.053874236697601
  -0.056061113029624   0.098480196485791   0.218562579684277  -0.396534606958392
  -0.585556358099290   1.218954525329813  -0.017680306332828  -0.047674477119236
  -0.113726489724191  -0.206600926046256  -0.269777882767662   0.037327111019232
   0.374437621553856   1.081686043214873  -1.209383531247310   0.472176062056796
  -0.022052536151490  -0.061038252829414  -0.147139094085325  -0.254695784227700
  -0.292785903572828   0.291874147616966   0.795899204381131  -1.620291601095520
   1.792489978956412  -0.792171674873053
   2   3   6   4
       63.1253000000       14.5012000000        4.3823300000        1.4535500000
        0.4632370000        0.1265780000
   0.063713992267191   0.203976542858999   0.394594986306713   0.430879405484823
   0.266412600057181   0.081574786355352  -0.110443567873944  -0.349749349412181
  -0.673367392920259   1.241831332930560  -0.452965578776482  -0.138573408233416
  -0.040836124974591  -0.126702437598641  -0.241709626863267  -0.483049991767072
   1.122755012200512  -0.049303133362571  -0.032617130993854  -0.100093602837966
  -0.189984909293824   0.477140468416752  -0.840468636761207   1.185448678900988
   2   4   1   1
        0.2418450000
   1.000000000000000
