Ir4+ min+3231                                                                   
 6-Nov-92 14:13:25(4F20.10)    4(4F20.15)    4
   1   1  21   8
 26668729.0687166527  3655468.7611963577   799486.0006583388   223307.5690684123
    72755.3847380915    26195.5708926253    10153.5021255061     4066.3346923248
     1660.7180269141      695.7625869537      300.3169739578      131.2070166820
       59.8738317012       28.3242236014       13.0883983127        5.9683922141
        2.6220677708        1.0675073816        0.4219794039        0.1345895438
        0.0429000000
   0.000010151173441   0.000118668354003   0.000658423414920   0.002788565226881
   0.010091684228904   0.031921953573676   0.090433826210988   0.222171422963394
   0.392779372921248   0.331359709580428   0.063661811923371   0.001653839751014
  -0.001414182060518   0.001173543159298  -0.000826864537451   0.000499660252180
  -0.000257571765348   0.000120592794772  -0.000051012303905   0.000017522994189
  -0.000004976291927  -0.000003370872334  -0.000039536895309  -0.000218634714020
  -0.000933117605794  -0.003375608148329  -0.010954522442613  -0.032042364378959
  -0.087970489249368  -0.192689341461051  -0.252777436067954   0.126490326395774
   0.706892125862555   0.338130981270799   0.008407381265907   0.003700100680987
  -0.001969652079754   0.000825266454203  -0.000354846165074   0.000150806944040
  -0.000051085102644   0.000014468962875   0.000001594206044   0.000018678428791
   0.000103445415014   0.000440822547113   0.001600131795796   0.005191211887093
   0.015335215935178   0.042600562191374   0.097319316502026   0.137347968537307
  -0.084326784236442  -0.694169457446092  -0.364184215864131   0.973052384588982
   0.482290952383564  -0.003342516646762   0.010538264344133  -0.004688993372630
   0.001852338047199  -0.000637982271604   0.000180900877002  -0.000000785236950
  -0.000009219663522  -0.000050924210436  -0.000217813717432  -0.000787178559624
  -0.002569848816992  -0.007553410869394  -0.021218804080420  -0.048472997536103
  -0.070911991125083   0.047441775979126   0.402463128614275   0.265871155324693
  -1.069554813726709  -0.538336085315524   1.189764835369624   0.406228414148918
  -0.011200753533229   0.006721490502295  -0.001965965864854   0.000541850796689
   0.000000329301401   0.000003859922729   0.000021366089308   0.000091125818854
   0.000330562699418   0.001074488116883   0.003175914747623   0.008877000087548
   0.020467002499344   0.029718328087496  -0.019577464485785  -0.177814250479174
  -0.115348378657617   0.522453959158202   0.324046803471304  -1.022834518177261
  -0.466363601592096   1.166636836486746   0.347087949856345  -0.018586388668158
   0.004632441298928  -0.000000313371829  -0.000003635679294  -0.000020377369924
  -0.000085263441213  -0.000314765573507  -0.000983269094349  -0.002914801439025
  -0.007345619653109  -0.015679648374361  -0.018205453811157   0.006970547503294
   0.148716969568247   0.064026856276048  -0.365622146368400  -0.336931322858011
   0.981133261648274   0.629582586197342  -2.978588050871867   2.230191223319695
   0.050801611079538  -0.012745136646720   0.000000174690305   0.000002011099597
   0.000011377779895   0.000046920420341   0.000175492402009   0.000531311066090
   0.001576524628646   0.003613502179667   0.007054460811769   0.005732491049844
   0.001176616034571  -0.073166084778359  -0.015705436931406   0.141744601887472
   0.191433880482099  -0.500519598220993  -0.402544811647039   2.351737087242285
  -3.310796626508379   2.080146217871861   0.010220648792391  -0.000000100871580
  -0.000001158673297  -0.000006572896622  -0.000026991407795  -0.000101333192139
  -0.000303950076316  -0.000901924987932  -0.002004187813081  -0.003782243402718
  -0.002553103059600  -0.001542301704184   0.040512692738837   0.005658496985466
  -0.070864526314959  -0.110353466209169   0.276501500410887   0.238513509148364
  -1.464388428064745   2.494834482905532  -2.959889740699323   2.041388202943564
   1   2  15   6
    35971.4473381197     8589.7833801227     2791.3856071765     1066.3747828327
      446.0843743029      158.7107067764      122.4222190894      161.6282900560
       58.0553564960       25.2728513585       11.3439088926        4.8929379915
        1.8527720582        0.7829262502        0.2755917238
  -0.000636999238672  -0.005451234238405  -0.029359342230522  -0.110522646504382
  -0.295932384620103  12.427364078078252  -0.904070815593805 -12.175622255605411
  -0.072858741588575  -0.009217426425886   0.002850061006750  -0.001160718721933
   0.000555562593007  -0.000262526652252   0.000069774797895  -0.000316323712510
  -0.002780930278243  -0.014910865896573  -0.059840151864201  -0.165060960210365
  10.797488719122560  -0.838701468703405 -10.378327820836105   0.451690519258732
   0.644734436676198   0.130658063651501   0.002919850314318  -0.000295643908828
   0.000192376352637  -0.000073933868365  -0.000154499440133  -0.001359627988480
  -0.007322795508445  -0.029643329077500  -0.083206046356215   5.698808499306230
  -0.445558550888182  -5.468119548692118   0.334202812450586   0.535451981639397
  -0.445621817411894  -0.745391049440619  -0.090046073391913   0.004366063380002
  -0.000809956877512  -0.000060822852637  -0.000536390431094  -0.002885960762690
  -0.011731303590645  -0.032934935017811   2.335033550551000  -0.184206752238172
  -2.237338919112844   0.145355925366429   0.233107967670377  -0.272496050273128
  -0.502651632717045   0.428097491248748   0.727995453467726   0.082787546893192
   0.000082795912259   0.000742720847923   0.003948301288952   0.016479428840359
   0.045621344456021  -3.788075387721949   0.307196314904268   3.610445903472101
  -0.226550834706108  -0.318593248505349   0.409111940748998   1.079456999746244
  -2.861602393712499   2.330187914710839  -0.508922000654001   0.000003922739712
   0.000030231161902   0.000179296092727   0.000579907275938   0.001854414470049
   0.058071100281545  -0.007392106949661  -0.049127466218051  -0.000383948066457
  -0.016530003700542   0.013982393517615  -0.086204557066528   0.731789778326005
  -1.745745396991830   1.654927894456078
   1   3  13   6
     1660.7180269141      695.7625869537      300.3169739578      131.2070166820
       59.8738317012       28.3242236014       13.0883983127        5.9683922141
        2.6220677708        1.0675073816        0.4219794039        0.1345895438
        0.0429000000
   0.003394025498355   0.014746791150526   0.074206269296831   0.237194788866404
   0.429095332723106   0.357121291101893   0.093194238101864   0.001878847409397
   0.001430760862352  -0.000524791418075   0.000205339989860  -0.000075328225904
   0.000024036121004  -0.001732704225777  -0.007489401957756  -0.038774499597071
  -0.125771167145116  -0.225449379637772  -0.080673762910103   0.394869699661501
   0.551244087200735   0.191281183539713   0.007200551956114   0.001651261802874
  -0.000436918317872   0.000148867272206   0.000568744987699   0.002419778785736
   0.012753108882712   0.041053344597692   0.074486192419674   0.016500991576320
  -0.159626222145547  -0.221192456417283   0.121104242384085   0.571658905913707
   0.444487958934539   0.037562995932570  -0.004135616107273  -0.000670955573646
  -0.002829945990683  -0.015039839397371  -0.048160940929469  -0.088035052907311
  -0.015363138129181   0.197232667275957   0.273935405133601  -0.270139338575184
  -1.056854136633873   1.292520691673136  -0.069222341689431   0.007596502291293
   0.000144026923299   0.000600888166252   0.003226475601360   0.010262786131992
   0.018936930039234   0.002266058624390  -0.044435231662445  -0.061918348724628
   0.092187361608734   0.329261493782280  -1.001519466192171   1.297646221267335
  -0.002358133641370  -0.000081530704527  -0.000340764095803  -0.001826557397295
  -0.005816193339096  -0.010715678477205  -0.001386073757691   0.024926139268178
   0.034720324295899  -0.049029223725922  -0.176895491011459   0.539993801014155
  -1.029940305723248   1.296957841905594
   1   4   7   2
      161.6282900560       58.0553564960       25.2728513585       11.3439088926
        4.8929379915        1.8527720582        0.7829262502
   0.016457137448953   0.086201106549119   0.235502434348822   0.394180137700270
   0.404275736297429   0.197286327759545   0.000000000000000  -0.003811795585724
  -0.019965865779980  -0.054546979537760  -0.091299845646100  -0.093638184150427
  -0.045695380233056   1.026473399020816
