Ir4+ min+3231                                                                   
11/30/92  11:00:07(4F20.10)    4(4F20.15)    4
   1   1  21   8
 26668729.0687166452  3655468.7611963600   799486.0006583370   223307.5690684123
    72755.3847380914    26195.5708926253    10153.5021255061     4066.3346923248
     1660.7180269141      695.7625869537      300.3169739578      131.2070166820
       59.8738317012       28.3242236014       13.0883983127        5.9683922141
        2.6220677708        1.0675073816        0.4219794039        0.1345895438
        0.0429000000
   0.000516091605573   0.001901245298555   0.004752262209853   0.011412744774894
   0.026378575572946   0.059773772821804   0.129581472189382   0.257211821040912
   0.377444261401248   0.272960164286079   0.044910394185614   0.001834857414893
  -0.001611666522120   0.001247210824969  -0.000843261414272   0.000502879668018
  -0.000258576044412   0.000120813233573  -0.000051027828933   0.000017524358441
  -0.000004976131956  -0.000210415471625  -0.000780973528984  -0.001972505894775
  -0.004809251391040  -0.011292791473784  -0.026294201562536  -0.058979405849582
  -0.127278255048834  -0.215033444843127  -0.173682011417860   0.304190724629390
   0.672908732989139   0.202731781083686   0.007727916063970  -0.002693163465623
   0.001832356403150  -0.001111026288902   0.000553521616116  -0.000234607474477
   0.000081450201924  -0.000023189008643   0.000101322518794   0.000376487280043
   0.000952721980601   0.002327643299398   0.005483728521304   0.012811892917513
   0.028961184947665   0.063305006241098   0.110347860938615   0.090836560760157
  -0.233395225242638  -0.713735398879361  -0.007251180297480   0.984332720254301
   0.294075640074515  -0.003073134850455   0.003844745246895  -0.001478309972742
   0.000515718021996  -0.000172354749027   0.000048280913001   0.000050387447322
   0.000187321916525   0.000474027711583   0.001159703873155   0.002730184562605
   0.006399503560799   0.014441113449929   0.031826408923595   0.055467400267030
   0.046938025374175  -0.132261791626596  -0.427487290624052   0.006474768534722
   1.184620972118253   0.061907270544378  -1.171606356572035  -0.218632686325622
  -0.000097421306155   0.000279742878292  -0.000364891077811   0.000121141822958
  -0.000021512074800  -0.000079960656607  -0.000202456249421  -0.000494953205177
  -0.001167133703283  -0.002729925366504  -0.006184325118401  -0.013574251683176
  -0.023879140828046  -0.019810583144698   0.057052355649633   0.194324371556558
  -0.013270619693528  -0.604241832587146  -0.040762494480928   1.155108545872750
   0.028407319752583  -1.138964600177175  -0.186152966109839   0.005231468546182
  -0.000873531040903  -0.000016567454963  -0.000061325009055  -0.000154778354184
  -0.000374796156437  -0.000882132017538  -0.002023388036665  -0.004576886927605
  -0.009575612105364  -0.016617360827754  -0.012406319672451   0.034578568741969
   0.152313672728573  -0.039004583453587  -0.391949113788819  -0.126618650024241
   1.153410705912982  -0.161819834101602  -2.285586625890176   2.108774698806911
   0.010190352161481  -0.001647653066933   0.000008545217867   0.000031516857998
   0.000079313430676   0.000190468151718   0.000447359232130   0.001008453176885
   0.002275734417525   0.004547155101609   0.007760297260411   0.005146318166187
  -0.013650934324174  -0.079068126146089   0.032199197731717   0.164752867494591
   0.106289131907362  -0.666148829296308   0.159313416645050   1.717361028107433
  -2.980471962348261   2.034162614931560   0.001220371241178  -0.000004728688974
  -0.000017418959825  -0.000043790118207  -0.000104857197099  -0.000246085953586
  -0.000551344003020  -0.001242945794424  -0.002441507302730  -0.004137948163877
  -0.002610400018178   0.006755563278090   0.043799036458296  -0.020061698401855
  -0.083698682266701  -0.066506727321587   0.378466099581841  -0.102111153306840
  -1.045658452725455   2.218300867762025  -2.858619506695291   2.023287907533586
   1   2  15  10
   630825.6050000004   150637.6780000003    35971.4473381196     8589.7833801227
     2791.3856071765     1066.3747828327      446.0843743029      161.6282900560
       58.0553564960       25.2728513585       11.3439088926        4.8929379915
        1.8527720582        0.7829262502        0.2755917238
   0.001111887516377   0.002261563738904   0.008123564784408   0.024700326197369
   0.070306497246442   0.159747142648930   0.395024113778234   0.482118687431294
   0.077041707532106   0.004191968045053  -0.005018817043856   0.003078424809094
  -0.001632759757578   0.000794074058228  -0.000215629829449  -0.000567658080541
  -0.001152146171378  -0.004178402999693  -0.012691461200576  -0.037669701700568
  -0.085413973946655  -0.233605555655353  -0.216351620573839   0.538789381377399
   0.541379943533787   0.067484350626479   0.002361591202084  -0.000561287789713
   0.000262166434746  -0.000080082275023   0.000280018495161   0.000568094282478
   0.002064630719449   0.006271334680859   0.018787837805874   0.042626413848392
   0.119384745005285   0.099488105097735  -0.421177667848315  -0.391368686230626
   0.634735340011630   0.604879157443680   0.033747059319839   0.003593398672244
  -0.001266004493834  -0.000112619334833  -0.000228434744342  -0.000830747878843
  -0.002522445436854  -0.007578052593015  -0.017173384184465  -0.048433417944793
  -0.039133634181337   0.186402989959237   0.170424648470696  -0.410019017582396
  -0.369181054968106   0.622046996834193   0.576533775389613   0.042597907177958
  -0.011359798603849  -0.022579047485056  -0.071126854235373  -0.173967164546784
  -0.296502284554457  -0.430845501065308  -0.171239827709980   0.899521424515203
   0.053604143286751  -0.819134340451424   0.316657710416717   0.204773481599053
  -0.044512775948718  -0.088016632095709  -0.002714711257053  -0.011630679216275
  -0.023053508647247  -0.070622029419769  -0.164617591859122  -0.222119793691390
  -0.235380664482268   0.495470425547246   0.550735214208547  -2.080811340584603
   1.924831946102174   0.040170125604606  -0.908926437264626   0.171368288454329
   0.223116107637837   0.014750077030376  -0.008523022671328  -0.016879973971870
  -0.050999969548029  -0.116291719177955  -0.135087292979906  -0.113359477332162
   0.519159917995331  -0.177873682048554  -1.199827609716195   3.004721555195516
  -3.448422048043014   1.702509302273292   0.512775466350675  -0.854529093681844
   0.000417876222639  -0.005141867743740  -0.010181799921947  -0.030577040945981
  -0.069133869366728  -0.074544493124450  -0.055789468717390   0.343002208573024
  -0.281100767854698  -0.363605859041995   1.597585752961542  -2.788790641831085
   3.050731891728290  -2.380391292905628   0.701186177905722   0.666441133702655
  -0.002985551970824  -0.005911447894505  -0.017784360997297  -0.040262443133324
  -0.044338544016417  -0.033281867112728   0.196421427782624  -0.137614272771946
  -0.319023717400178   1.229654660540660  -2.240346793332279   2.838203836823794
  -3.364407384179174   3.136849619837520  -1.660466769654853   0.021027640566132
   0.041647723477030   0.123287060481846   0.274630167689677   0.241893676966610
   0.146353819947454  -1.617247369018038   2.734923107343263  -3.628444136132984
   4.040838411057791  -3.276333582858797   1.991060126299487  -1.048228932933519
   0.477123890837234  -0.100071131466979
   1   3  13   9
     1660.7180269141      695.7625869537      300.3169739578      131.2070166820
       59.8738317012       28.3242236014       13.0883983127        5.9683922141
        2.6220677708        1.0675073816        0.4219794039        0.1345895438
        0.0429000000
   0.006208114774775   0.018970075173438   0.086419795116976   0.249927740014988
   0.429516453541815   0.341111377144323   0.087047248555455   0.001351502560633
   0.001464882188471  -0.000549980318993   0.000217192495367  -0.000079445263345
   0.000025359635008  -0.072957908200407  -0.102728387786501  -0.324144884035517
  -0.416536666567778  -0.127564444233708   0.532422601709651   0.321754126859659
   0.023528536737000   0.002734331616296  -0.000570264951932   0.000225892247947
  -0.000099617082585   0.000031022778978   0.052944642217363   0.067888368174835
   0.195314927935268   0.156750526587421  -0.184166297817707  -0.491017658239128
   0.271750659889790   0.662914551332321   0.226748433204953   0.009730426084249
   0.001487376648614  -0.000341765491373   0.000120963524510  -0.082362136649776
  -0.098768007256940  -0.259076405191117  -0.110957218751265   0.442662482549551
   0.374756688037039  -1.044079738794522   0.026500722256761   0.803474673696339
   0.089922031575376   0.006622819808409  -0.001285717156712   0.000545013062055
   0.036466901865893   0.042265531795281   0.105200270363868   0.022232477903089
  -0.220483487029866  -0.067790095484914   0.558968445627670  -0.383824254554590
  -0.439308194619979   0.640736135441006   0.552123320474376   0.050781042332319
  -0.006028647856181  -0.051001318025575  -0.057990914546098  -0.139819993838658
  -0.012739203214223   0.316629058663180   0.009275276008728  -0.780927944827084
   0.900283566362379   0.054340343849678  -1.186622989454136   0.880454479208584
   0.369013189800093  -0.052341033068476   0.009013050978139   0.009074580408387
   0.016611770790967  -0.015529044333896  -0.059535249802719   0.095818699220687
   0.068807135617750  -0.492434409986540   1.075343131572019  -1.660674267647138
   1.829430800349655  -1.450249852285296   0.195850724327912   0.085615452129022
   0.094186357797084   0.213161551195248  -0.027249238667089  -0.543553400418666
   0.242694695290431   1.160366021429169  -2.441290449766015   2.585759538269826
  -1.748538019711873   0.732323485515391  -0.210905325619851   0.521687848307497
  -0.036839381632359  -0.040666199740897  -0.092698950604976   0.009669830761421
   0.233612474495058  -0.092589467989060  -0.509950821343473   1.013517828307258
  -0.968116255609136   0.434310942217367   0.213897822054001  -0.858861283722636
   1.182536952867196
   1   4   7   3
      161.6282900560       58.0553564960       25.2728513585       11.3439088926
        4.8929379915        1.8527720582        0.7829262502
   0.017225448969099   0.084893224878225   0.230166974962636   0.387727896386091
   0.404794953495093   0.214725771823507   0.000000000000000  -0.095739585241323
  -0.228760581117123  -0.379808065060208  -0.243669410043827   0.280325261210381
   0.608282662965706   0.000000000000000   0.044611886774923   0.094589683047432
   0.132553074726732   0.019138184324075  -0.255594694261289  -0.372433594133538
   1.157999099662717
   2   1  15   6
   630825.6050000004   150637.6780000003    35971.4473381196     8589.7833801227
     2791.3856071765     1066.3747828327      446.0843743029      161.6282900560
       58.0553564960       25.2728513585       11.3439088926        4.8929379915
        1.8527720582        0.7829262502        0.2755917238
   0.007253131329083  -0.015450832117164   0.023348217016583   0.082321782665497
   0.162330092455527   0.226765524173405   0.385107128860815   0.314385491247293
   0.025370152279716  -0.024538233659529  -0.031036885671655  -0.016168180554933
  -0.004810071792396  -0.002762792129100  -0.000358255023159  -0.002996669609508
   0.006274214001914  -0.010313622557359  -0.034076732847200  -0.079679489362291
  -0.110895166960926  -0.261517911116716  -0.073698546780767   0.665235567087571
   0.428727213851870   0.044553488992977   0.007072259590408   0.001432389123829
   0.001078977901981   0.000113333681509  -0.002074670429608   0.004347603094391
  -0.007096579069587  -0.023651381901679  -0.054502541772684  -0.076503248755403
  -0.179521391907909  -0.035638728687704   0.691949144089680   0.398610379673796
  -0.871617636288388  -0.526289546724861  -0.016904016668863  -0.000569009722139
   0.000357648925828  -0.000741181873829   0.001549448345389  -0.002586314911411
  -0.008381123794079  -0.020397915436650  -0.027962176657037  -0.071921912296788
  -0.003282844898147   0.356570550726763   0.198378969376638  -0.780421781102280
  -0.435796948121325   0.857769082844740   0.509883540432000   0.022144466063957
  -0.241538430925224  -0.243271272590293  -0.337879539120848  -0.349821097500069
  -0.169802819102860  -0.011763481442664   0.613813105686546  -0.060000843140469
  -0.409256578809547   0.527205472339087  -0.686850949739405   0.705406510502666
  -0.500356482182394   0.268857947020562  -0.090815193650910   0.119808443672444
   0.106012717837887   0.123741374482448   0.104574803848639  -0.332750809847239
  -0.243253579837086  -0.698710201873009   3.402602251754487  -6.397542299896799
   8.630925322710311  -8.630797144448593   6.647856115017674  -4.573485747803971
   2.680666644544928  -0.835909073041027
   2   2  21  14
 26668729.0687166452  3655468.7611963600   799486.0006583370   223307.5690684123
    72755.3847380914    26195.5708926253    10153.5021255061     4066.3346923248
     1660.7180269141      695.7625869537      300.3169739578      131.2070166820
       59.8738317012       28.3242236014       13.0883983127        5.9683922141
        2.6220677708        1.0675073816        0.4219794039        0.1345895438
        0.0429000000
   0.002690802835820   0.010349976086879   0.023719576360732   0.047449894160967
   0.087704787623335   0.149437468411844   0.235734731464913   0.325831453986218
   0.324562896832710   0.159154112550855   0.021674035814216   0.004715255691406
   0.004004901822557   0.004285542934351   0.002491013636606   0.001427766073061
   0.000600772892453   0.000208170069500   0.000069966460772   0.000013660694776
   0.000003064614491  -0.000038233830830  -0.000116967691300  -0.000267854023424
  -0.000121151873831   0.000274582612402   0.005193660463977   0.018796900977867
   0.072284529699985   0.161022988793666   0.120677649127405  -0.434069835030567
  -0.607498392511275  -0.121202806129594  -0.000784801152295   0.002500059295997
   0.000470773519659   0.000535565950483   0.000076662195977   0.000056902573946
   0.000005715773923   0.000002321423009  -0.000292963297703  -0.001116361159070
  -0.002578259924892  -0.005037686869940  -0.009402914869355  -0.015007279942129
  -0.023141075084081  -0.025453879589207  -0.021838000242363  -0.009734578902286
   0.097362729891893   0.538825439401304  -0.156262038886614  -0.880054273115206
  -0.177001714294830   0.000707232622339  -0.000874125165093   0.000181997109031
  -0.000043126503634   0.000006566316914  -0.000001313896083  -0.000080938513214
  -0.000289329870548  -0.000708238044368  -0.001166375443774  -0.002378402710483
  -0.001912929078497  -0.001907230996476   0.013238661918420   0.030954474530844
   0.035486630328617  -0.121206781684876  -0.145583150143649  -0.063707200091522
   0.867421137794295  -0.179253357083339  -0.967418463283821  -0.121159796944013
   0.000348891039376   0.000006776644023  -0.000028798715625   0.000007101967758
   0.000114959760553   0.000417154561159   0.001026154472622   0.001789702582803
   0.003804738181738   0.004596981234971   0.008761272088969   0.001659103721562
   0.001813084838511  -0.016771235725072   0.024674698675858  -0.148011409539434
   0.122716332196100   0.120020276835207   0.169888315332758  -0.810421740993046
   0.152244651792962   0.977032202424692   0.100355994831557  -0.001533485367022
   0.000137540569574  -0.004813327102504  -0.018326414575750  -0.042066217061600
  -0.081695347389354  -0.148698489283994  -0.225382450538095  -0.296017083520782
  -0.139938461968680   0.548782244504018   0.763775232143491  -1.165075325948656
  -0.056724296210660   1.409436304581291  -0.977100139668831  -0.133441251859053
   0.338699234031825   0.024656567693487  -0.070025656507648  -0.007085958149180
   0.000092417296868  -0.000009385027110   0.003107560246894   0.011687686719173
   0.027194933132504   0.051233888523057   0.095701353111614   0.133843772530184
   0.180239694632479   0.018801891456486  -0.261746874493170  -0.306780031757073
   0.886997981158427  -2.005712554597068   2.127805473251485   0.273223806870844
  -2.515288022303480   1.850326135710709  -0.195514846240996  -0.203608712834511
  -0.020830479505593   0.000801089194548  -0.000137921105818   0.000800476251449
   0.002781560549098   0.007180249185861   0.011193178914508   0.026272035459139
   0.021834805559339   0.049926435348459  -0.059914536659726  -0.007574540514329
  -0.116627511904105   0.516963733793052  -1.310909723776405   2.201106793372901
  -2.467454867593148   1.838215270400660  -0.533757153963986  -1.041902939427899
   2.152651072212478  -1.635785016507342  -0.128542292715925   0.008387679237854
   0.000523657500609   0.001734903728495   0.004478776487436   0.005714404048339
   0.012488161903891  -0.007803910067975  -0.036421643189103  -0.274317255686357
   0.098018206879041  -0.125032210412900   1.414609596646862  -1.564286073135825
   0.245002339899962   0.381114175774247   0.539386915017570  -2.060810780213728
   2.738150620016398  -2.230503478319108   1.516655781926744  -1.043932642104735
   0.078966159927550   0.000699998196089   0.002536052957040   0.005899119085766
   0.009771586636605   0.016646113296833   0.006633344479375  -0.030857654584456
  -0.238408529510396  -0.017025541065413  -0.022433680071632   1.407446734963749
  -1.674585556145196   0.196338885988495   1.255688947504190  -1.898614117083035
   2.067514064612851  -2.079301927334342   2.109699535385914  -1.911491932726165
   1.233477236744179  -0.051698084489077  -0.000058337826590  -0.000219669914061
  -0.000500565882459  -0.000933762815842  -0.001615345976393  -0.001960944683983
  -0.001155942178228   0.005848035351359   0.010407067731806  -0.004148262200610
  -0.057843431322831   0.101748539224430  -0.079282059245337  -0.006077807279072
   0.151383921923054  -0.355716379531451   0.607126416095237  -0.928526953023628
   1.231549647367977  -1.614682327248737   1.534920966066338  -0.159790441949284
  -0.185393831223220  -0.158591272949716  -0.122785758804575  -0.034069265310243
   0.038548597268623   0.184193068135022  -0.074641587620234  -0.131831798818303
  -0.436510263015384   1.991848261671443  -3.423010361947917   3.955175877453172
  -3.209486253922748   1.270124700417611   0.858639339173312  -1.539034399355998
   0.332710766011047   0.717349290768020  -0.470487913589285   0.032011796525940
  -0.191146824158013  -0.224934833520495  -0.198604142452909  -0.164741726778339
  -0.072606802969210   0.009646082245077   0.204755997389742   0.066940504108044
  -0.032616317640120  -0.536501771639806   1.184532562750441  -2.126724898421315
   3.398229920840748  -4.404512113855901   4.933337310405449  -4.867808826870487
   3.716824469726149  -1.742940775939054   0.135916841531920   0.334537765157345
   0.023290365668044  -0.181597855467642  -0.219560571811169  -0.210327172199653
  -0.189171589877787  -0.158331268607903  -0.046269672406461   0.026021010934585
   0.377628154077099  -0.203679340025201   0.095458782677870  -0.961221292990032
   2.802889557971952  -4.884582757882328   5.931177127391919  -5.404169734662958
   3.861601808237410  -2.289412895791372   1.414407814193659  -0.723207039137812
   0.040777879526431  -0.046410911556988
   2   3  15  12
   630825.6050000004   150637.6780000003    35971.4473381196     8589.7833801227
     2791.3856071765     1066.3747828327      446.0843743029      161.6282900560
       58.0553564960       25.2728513585       11.3439088926        4.8929379915
        1.8527720582        0.7829262502        0.2755917238
  -0.017181256497655  -0.014718969621311   0.040846055522931   0.075262323634877
   0.139557449848361   0.228823259383488   0.486913250258201   0.374850994887234
  -0.008570502111424  -0.050869953222655  -0.036119624754447  -0.014540126347191
  -0.005995528984446  -0.001820164405246  -0.000182231854509   0.002391435997519
   0.002128191880072  -0.006338883423646  -0.011466127766006  -0.032154212774850
  -0.048806743057633  -0.162728380766465   0.004662034210456   0.642835321747175
   0.404686033597798   0.035720498942221   0.002771993634309   0.000356867595659
   0.000276797961211   0.000004859523264   0.002941866751658   0.002535934044965
  -0.007138122268848  -0.013149592527999  -0.026810806176787  -0.043529062503658
  -0.108173172946274  -0.035476882632986   0.369724296961968   0.201170561660969
  -0.735352154473912  -0.438753103682851  -0.013984675554169  -0.000784468245746
   0.000256285946541   0.000548451163247   0.000483292267589  -0.001395548539959
  -0.002482800918214  -0.006205189600493  -0.009110581622409  -0.028638324689273
  -0.000748716923228   0.123857166485116   0.070366776191439  -0.339771040645521
  -0.177709183258041   0.722482458037735   0.426104275995231   0.018377341959318
   0.217962202119606   0.193280191288799  -0.378994652032993  -0.486091519780835
  -0.210976954131949  -0.073738849233129  -0.046408791816702   0.626395899708147
  -0.274889239920368  -0.169629462080442   0.142119932331107   0.020485916186973
  -0.006714746084418  -0.024541404462337   0.000388575747460  -0.128778031941221
  -0.114761925835798   0.211583529449863   0.243083384961453  -0.042112869204358
  -0.196663644568417  -0.420192010348647   0.468812495983631   0.799632548873255
  -1.420131569622441   0.395024457380766   0.429751352868621  -0.164782810207061
  -0.097553050864588  -0.005032050233853  -0.092166977305703  -0.082290847992608
   0.148690119738824   0.163349986528412  -0.072750637930111  -0.172034906001751
  -0.274614758546619   0.798669755908229  -0.625968971835569  -0.436150749564312
   1.704530897892106  -1.563800379545192   0.201705101392038   0.385841025658634
   0.009099766400144   0.050366301024851   0.044939247640716  -0.080051144268374
  -0.086513854351916   0.057714865991621   0.096627503671801   0.154272378664021
  -0.573545967638310   0.835965060682746  -0.670521280172139  -0.145067451657574
   1.106258407495517  -1.781453185710156   1.187827678994118   0.232773834185668
  -0.126444738379807  -0.116972961273119   0.187037642541045   0.130397932249743
  -0.124111990889815  -0.564038014537928   0.371480415012716   0.620818272343254
  -1.746601651664982   2.670895159004743  -2.681568085799015   1.912439407144376
  -1.015504322229852   0.260508449928691   0.246867454937020   0.031014909360720
   0.029069230916283  -0.046492365817104  -0.017884966404939   0.109980986787259
   0.141103930917749  -0.440298049131918   0.581939173364781  -0.831847412213062
   1.188780280181604  -1.428071387628933   1.526716563464824  -1.829528481429101
   1.950598222066013  -1.369043160247138  -0.531365822207182  -0.497560952755501
  -0.154780810367733  -0.091282128831802  -0.167929124018701  -0.001733095092607
   0.364777935996630  -0.479441066675030   0.529997775723754  -0.529591368006152
   0.385900278993569  -0.177042296610324  -0.019653362406038   0.151668555074222
  -0.169545107392748  -0.088232486491540  -0.064413965868207  -0.205211991877517
   0.127964239339488  -0.507426707144788   1.810115556359733  -2.323785655940284
   1.890771804509775  -1.702030795017073   1.565594919083779  -1.109897682064563
   0.543291473751538  -0.061213690657779  -0.255336038382456   0.330716377281988
   2   4  13   9
     1660.7180269141      695.7625869537      300.3169739578      131.2070166820
       59.8738317012       28.3242236014       13.0883983127        5.9683922141
        2.6220677708        1.0675073816        0.4219794039        0.1345895438
        0.0429000000
   0.030684076771103   0.061486238608780   0.186712989154921   0.358827162602484
   0.417687784490445   0.227816213359011   0.038659211706831  -0.000187305433279
   0.000062457906356  -0.000154714918284  -0.000006140556467  -0.000009055403869
  -0.000000189729123  -0.259674129500015  -0.210199329043532  -0.411676176719073
  -0.198937463137601   0.194681047226235   0.429994397532592   0.153594380887095
   0.019491962292985   0.005780214198478   0.001870609148360   0.000534541799891
   0.000127898946995   0.000016760512655  -0.147982966187403  -0.103960674342139
  -0.166725059923452   0.051491577385147   0.310706208648094   0.129048602225319
  -0.521597661329114  -0.491558539175690  -0.108821179205517  -0.001672647528926
  -0.000019424634427   0.000129075428402   0.000000400570389   0.214955706907291
   0.129109552999481   0.147581899040087  -0.203002704038536  -0.411703995395467
   0.335321817218746   0.688675304401528  -0.551042318892080  -0.471733794454567
  -0.030522770960572  -0.002115332320341  -0.000000361909390  -0.000059047438221
  -0.087601730104244  -0.048402692943673  -0.045217725216421   0.101778479509115
   0.141609773740801  -0.219802363573566  -0.210842018912326   0.535001256830682
  -0.069041052462356  -0.692256302545506  -0.350224993286856  -0.017725303881477
   0.001157164761139  -0.124746967580828  -0.065659614374988  -0.048689933707816
   0.155613313507569   0.175796711772295  -0.378225592253610  -0.152236004136798
   0.853536818238613  -0.749045052461067  -0.376759268045454   0.854696685799194
   0.134836476967489  -0.010518281605530   0.138309005014520   0.076735468276476
   0.022644029140539  -0.169050901674917  -0.174232361229432   0.509207717993615
  -0.067048567735128  -0.949008954817739   1.761263506803473  -1.850087607039754
   1.297791079265238  -0.517396135211442   0.039422841822023   0.052666298969639
   0.068844427091124  -0.059455916347457   0.000895114614033  -0.101800045628682
   0.163687054023895   0.078863713619480  -0.449112570918102   0.549020367464092
  -0.132029361102830  -0.548899661132133   1.095649460547236   0.010133358388188
  -0.000202409727057   0.009784325329189  -0.020134569118585   0.016729504160350
  -0.005653160821836   0.001666334605276  -0.004744368807309  -0.008753989702086
   0.067499355153230  -0.200072555312045   0.391297631943427  -0.763701489200251
   1.190347494255093
   2   5   7   3
      161.6282900560       58.0553564960       25.2728513585       11.3439088926
        4.8929379915        1.8527720582        0.7829262502
   0.068281394771905   0.202153192663327   0.363075461951745   0.410888660793750
   0.282154879438664   0.092153600394437   0.000000000000000  -0.358348186127854
  -0.347429243460729  -0.253909592367741   0.103896099574503   0.430415612528158
   0.340018726608793   0.000000000000000   0.022086295441281   0.097956253891607
   0.059703407907821  -0.081438544161984  -0.168967428786233  -0.101372870060360
   1.041780142020656
