Rh4+ Minimal plus 3231 diffuse.                                                 
 6-Jan-93 17:51:55(4F20.10)    4(4F20.15)    4
   1   1  18   7
  2731601.6584335463   408859.4808990746    93307.3526837512    26379.9303749420
     8563.2661273320     3069.8028511135     1177.6574343386        0.1803281900
      472.6940520998      195.6132409748       83.0173164539       35.8644032904
       15.7285856714        6.9279523072        3.0182795798        1.1960133200
        0.4435357865        0.0730000000
   0.000059494979224   0.000472143948127   0.002468486239768   0.010376203399863
   0.036641573755437   0.109458752553055   0.261461924077463   0.000059053296224
   0.415566101675768   0.279574700375160   0.030050923858155   0.003584042391707
  -0.002645137049001   0.001667467922538  -0.000939205265415   0.000439717756052
  -0.000189991663782   0.000000000000000  -0.000019102732796  -0.000151408168076
  -0.000795114542449  -0.003352496916162  -0.012108105529046  -0.037749063458986
  -0.101950181417186  -0.000029281873279  -0.209220613504169  -0.219605302446648
   0.256924182188448   0.709105700830240   0.231538094710450   0.003859440810419
   0.001377536808247  -0.000504168345456   0.000098233346855   0.000000000000000
   0.000008195448974   0.000065014206094   0.000341110508785   0.001441721558601
   0.005209934039584   0.016389859563583   0.044856205114162  -0.002010212307070
   0.096109294487370   0.108627507450597  -0.154800245983902  -0.647298306770177
  -0.142730860485022   0.940620497205797   0.376797154874754  -0.007604009690440
   0.007094942124701   0.000000000000000  -0.000003414657621  -0.000027010162623
  -0.000142315285379  -0.000598290695505  -0.002178201328292  -0.006801808318220
  -0.018877723521647  -0.026321362376512  -0.040140515050266  -0.047657962084352
   0.072180458548398   0.302897267222253   0.100267806484137  -0.802071425903125
  -0.391363102378277   1.107271083292214   0.349270968026597   0.000000000000000
   0.000001761418667   0.000013734797948   0.000074183313026   0.000306241968744
   0.001187672526143   0.003808755328677   0.012594966869057   0.064135343867748
   0.030776095739673   0.044448618687946  -0.076820040363620  -0.191484782692127
  -0.146478717236480   0.770863106901416   0.473333424851623  -2.588838386418020
   2.003723085490217   0.000000000000000  -0.000000394200254  -0.000002892861228
  -0.000017321893549  -0.000066561709165  -0.000326734109306  -0.001146311724763
  -0.005556788346114   2.657757356412061  -0.016623197377503  -0.028886979229233
   0.054663219134273   0.074669779364338   0.119300730201247  -0.471007781936020
  -0.340541470256399   2.386842766254942  -3.984502821937502   0.000000000000000
   0.000000036493524   0.000000118295500   0.000002200695947   0.000004559818800
   0.000080953999902   0.000351891586005   0.002795762040728  -4.955364923122719
   0.009662751034093   0.018443395782268  -0.036227470389392  -0.033262830743848
  -0.082555030513070   0.286660689596452   0.223645585380744  -1.709675030387306
   3.844719168355427   2.869638787953867
   1   2  13   5
    12847.3483027901     3042.4377514958      986.4335553908      375.2075310259
      157.6892163341       70.4823506200       32.7196868246       14.6128763802
        6.7552364934        3.0657463604        1.3490579040        0.5642518771
        0.2360000000
   0.000553136556837   0.004780848192057   0.025733383922475   0.097581069869111
   0.256485617422645   0.413499331595442   0.314082760714977   0.070023243112416
  -0.001537643923438   0.001798544903211  -0.000759938372342   0.000183618474126
   0.000000000000000  -0.000245016276384  -0.002140798253303  -0.011615532681797
  -0.045775585248928  -0.126283463677439  -0.222273414599200  -0.111195283326217
   0.363406326019274   0.592003601445579   0.186579457350850   0.003375466186499
   0.001504805803118   0.000000000000000   0.000096872727661   0.000852218480446
   0.004607266091516   0.018380095225514   0.050831905048163   0.091994556492810
   0.038087949300273  -0.196350530103430  -0.379795421987250   0.088366198551330
   0.699915402314652   0.370454930640384   0.000000000000000  -0.000093634764578
  -0.000827065446121  -0.004441935342124  -0.017747643833998  -0.048510415172157
  -0.088422779673764  -0.034016086131655   0.196781246867062   0.449259918485006
  -0.282989937317028  -1.429648863387256   1.581646791858983   0.000000000000000
   0.000042456467941   0.000376311126210   0.002007653087639   0.008021856752034
   0.021637085302393   0.039608077953851   0.014392258334631  -0.089578698961462
  -0.235553733793954   0.215931707025994   0.977344655052758  -2.370938094622288
   1.956183470237927
   1   3  11   5
      472.6940520998      195.6132409748       83.0173164539       35.8644032904
       15.7285856714        6.9279523072        3.0182795798        1.1960133200
        0.4435357865        0.1803281900        0.0730000000
   0.003312842324430   0.014733076882128   0.069183134884654   0.213061711048259
   0.403271676005650   0.397638785761854   0.137050761752638   0.007586789359392
   0.000693214751859   0.000000000000000   0.000000000000000  -0.001158916422031
  -0.005281975467688  -0.024625490682559  -0.078087760705534  -0.141906807323373
  -0.115926982030849   0.197761537482167   0.570348398489654   0.405043098797244
   0.000000000000000   0.000000000000000   0.001213458163032   0.005580596247028
   0.025950010966006   0.083152149712375   0.148910688488747   0.112320520975870
  -0.303139800456568  -0.821235119727636   1.174338525493032   0.000000000000000
   0.000000000000000  -0.000446452477519  -0.002069629213830  -0.009601832725411
  -0.031049348524864  -0.054893683807450  -0.038348949803337   0.143076729674592
   0.375714972369936  -1.356286522996876   1.517832093234583   0.000000000000000
   0.000253427976527   0.001176343856699   0.005455501602777   0.017667381778253
   0.031170204122112   0.021492986198443  -0.084140309328473  -0.220090717940062
   0.955545223428191  -1.756312735286380   1.610052015726111
   1   4   1   1
        0.5642518771
   1.000000000000000
