Rh4+ min+3231                                                                   
13-Jan-93 10:31:11(4F20.10)    4(4F20.15)    4
   1   1  18   7
  2731601.6584335463   408859.4808990746    93307.3526837512    26379.9303749420
     8563.2661273320     3069.8028511135     1177.6574343386        0.1803281900
      472.6940520998      195.6132409748       83.0173164539       35.8644032904
       15.7285856714        6.9279523072        3.0182795798        1.1960133200
        0.4435357865        0.0730000000
   0.000358543193591   0.001316937186631   0.004641510853917   0.015156279602701
   0.045842829493314   0.123132302170598   0.272651583460819   0.000055190682670
   0.407637155244753   0.261259093097235   0.026655720462693   0.003396501780797
  -0.002499250141470   0.001564572878239  -0.000878537471370   0.000411136240425
  -0.000177591274850   0.000000000000000  -0.000123872596903  -0.000458013946373
  -0.001628139244824  -0.005360153086280  -0.016579138749952  -0.046396098963647
  -0.114888635324064   0.000056498729850  -0.215839331738637  -0.191261954766560
   0.310802161171765   0.689122501815177   0.195075880899825   0.004335343108408
  -0.000000939492051   0.000144057914203  -0.000175705385335   0.000000000000000
   0.000053535749542   0.000198199756949   0.000704903695318   0.002325978468046
   0.007205329752050   0.020330295023357   0.051022772500834  -0.001549291940895
   0.099797103490362   0.093987100402503  -0.196036502755814  -0.646971534417108
  -0.046935171899285   0.942814556246937   0.323778920415227  -0.006954674920625
   0.005592650259746   0.000000000000000  -0.000022304461543  -0.000082491504019
  -0.000294125331864  -0.000967132934160  -0.003014152497753  -0.008450498538923
  -0.021495504689298  -0.022019169634687  -0.041681364456668  -0.041452207669687
   0.091643394668913   0.303823221681797   0.046614363915134  -0.834625990833997
  -0.283603843342882   1.110865536436157   0.299950297630312   0.000000000000000
   0.000012547762321   0.000046591075354   0.000169101828075   0.000554423458558
   0.001802585745079   0.005147564238376   0.014812842864907   0.049832244252405
   0.031467756641438   0.036624399351881  -0.087995001320420  -0.185768742104557
  -0.111784544147544   0.817735736438738   0.274738017406483  -2.424132459831177
   1.989038884232303   0.000000000000000  -0.000004255075592  -0.000015964235808
  -0.000060341105053  -0.000196929516825  -0.000699501901864  -0.002078365581741
  -0.007277777805361   2.633819585190825  -0.017398250944795  -0.023342609486169
   0.059494818782945   0.073307775365968   0.106190953060922  -0.523162586770233
  -0.174270239986933   2.200832373893862  -3.879641613526575   0.000000000000000
   0.000001635734150   0.000006227778114   0.000024816278563   0.000080577987673
   0.000316608037813   0.000979992436929   0.004018235889133  -4.905114183517441
   0.010341196819580   0.014873781239304  -0.038862912155437  -0.033583321309112
  -0.077420845615832   0.328767173393625   0.109070018319017  -1.577415775055226
   3.745039762447134   2.858717236339313
   1   2  14   8
    54250.6937000000    12847.3483027901     3042.4377514958      986.4335553908
      375.2075310259      157.6892163341       70.4823506200       32.7196868246
       14.6128763802        6.7552364934        3.0657463604        1.3490579040
        0.5642518771        0.2360000000
   0.000636244598570   0.001949273348595   0.009541655626737   0.035228492404013
   0.115363554275172   0.274189777854510   0.412083450697183   0.288801821290106
   0.058700944312160  -0.001494360588140   0.001528337626515  -0.000645868477942
   0.000154454211747   0.000000000000000  -0.000284507170153  -0.000872805153851
  -0.004312130927450  -0.016090602734012  -0.054668373923609  -0.135869846370760
  -0.220248100963060  -0.077439534379936   0.399917831937957   0.569972400753235
   0.161235803012158   0.002231846265834   0.001230801552244   0.000000000000000
   0.000112981980896   0.000346324455793   0.001716924679023   0.006401649052821
   0.021972668133172   0.054801308482527   0.090977297238148   0.022181480945778
  -0.217501302912515  -0.364952739411861   0.137932663764940   0.704755629862861
   0.332523849412922   0.000000000000000  -0.018246591319718  -0.040175196124657
  -0.124035036119071  -0.227626379685124  -0.405428521943295  -0.357830194702638
   0.190453603712268   0.756127649259416  -0.000354889222430  -0.513827779075383
  -0.076421261767054   0.165924432699819   0.081194047154569   0.000000000000000
  -0.018066510802745  -0.039021747012431  -0.115248020248166  -0.185593811174768
  -0.246642783066993   0.032734799269126   0.666809778622911   0.136154665886983
  -1.514808243419412   0.598677335012564   1.066356373599907  -0.575090074666484
  -0.290128585922895   0.000000000000000  -0.011927618690487  -0.025599164385374
  -0.074363580222289  -0.113617890640179  -0.128122946178974   0.094689400330851
   0.459801956148441  -0.286813978756284  -1.023427847859240   1.738791586349340
  -0.446187943323371  -1.548174140206751   1.513552127946437   0.000000000000000
   0.018012432812788   0.038485899063416   0.110343477576115   0.162092317130526
   0.156012348985028  -0.203678759161949  -0.664122278717882   0.884189359843174
   0.871199079204312  -3.447662465369715   4.700247407612000  -3.702772535339293
   1.521973726026241   0.000000000000000  -0.003830225395641  -0.008146041399033
  -0.023027310023314  -0.032400205507632  -0.024975603818375   0.055362517590101
   0.132555435263394  -0.285898209563776   0.002034285569748   0.815166616864698
  -1.942804245334171   2.970345983140067  -3.391935571815593   2.189460585674630
   1   3  11   7
      472.6940520998      195.6132409748       83.0173164539       35.8644032904
       15.7285856714        6.9279523072        3.0182795798        1.1960133200
        0.4435357865        0.1803281900        0.0730000000
   0.004027312680359   0.015753618302253   0.071736449389175   0.215196234664786
   0.403097037463935   0.394661565406183   0.136825637145944   0.007797198607375
   0.000669758718960   0.000000000000000   0.000000000000000  -0.057465459503372
  -0.088031928963867  -0.268561157217337  -0.387721595527484  -0.249686317023961
   0.419242477727383   0.442773663026000   0.053941272095320   0.000881078919711
   0.000000000000000   0.000000000000000   0.031527561183953   0.044292283710177
   0.125516587134058   0.133063035249115  -0.018847403476630  -0.373272075706224
  -0.027536479972258   0.623642896647756   0.471127996942971   0.000000000000000
   0.000000000000000  -0.053056561270231  -0.071150345951123  -0.190990515932987
  -0.160488440018900   0.129300140013517   0.576847596167173  -0.491829008690987
  -0.757832782908605   1.061814644566987   0.000000000000000   0.000000000000000
   0.088988090994624   0.112222253067177   0.274771519885100   0.143642744011707
  -0.384193877141413  -0.684637231666149   1.888271637581710  -1.836009710344296
   0.903533329697771   0.000000000000000   0.000000000000000  -0.015513582644330
  -0.018521205960816  -0.040930006987505  -0.007376749729801   0.088157692401592
   0.062500142180256  -0.471721853822269   1.023454071302929  -1.707160295550857
   1.605786243686492   0.000000000000000   0.008835976559455   0.010530231312879
   0.023164350477573   0.003941580799236  -0.050372412760955  -0.033602967540322
   0.269065089030278  -0.616334749488055   1.222787657231450  -1.888908956908634
   1.639420383253192
   1   4   1   1
        0.5642518771
   1.000000000000000
   2   1  14   5
    54250.6937000000    12847.3483027901     3042.4377514958      986.4335553908
      375.2075310259      157.6892163341       70.4823506200       32.7196868246
       14.6128763802        6.7552364934        3.0657463604        1.3490579040
        0.5642518771        0.2360000000
   0.005493664916522   0.000683678104492   0.045548892197424   0.111831425154252
   0.235165619405817   0.356308240730040   0.332646481454381   0.103928789860549
  -0.025830762643223  -0.042628187252958  -0.022286961521982  -0.008022243580782
  -0.001179273800091   0.000000000000000  -0.001460088955139  -0.000250191859115
  -0.012736104626431  -0.032653939806801  -0.080714293863810  -0.146854036476624
  -0.184245363169526   0.065056615417551   0.522209123213919   0.479608011042458
   0.095528259332329   0.002788685357569   0.000614146842093   0.000000000000000
  -0.000946304632808  -0.000122517035756  -0.008197324021851  -0.020272607971958
  -0.050270152114128  -0.086083348592927  -0.112874830906767   0.055358573963678
   0.366661995380462   0.485701957129477  -0.307266118524431  -0.779480825071873
  -0.238090464643845   0.000000000000000   0.276352253220680   0.289486801422305
   0.384729101783112   0.289944526066917   0.097610259912744  -0.329242637160995
  -0.525893134933044   0.305360459648957   0.306552906677825  -0.499736032939025
   0.544587987803648  -0.333510295486980   0.060824194942510   0.000000000000000
  -0.086035367963308  -0.077088038894002  -0.075438731120983   0.027529516861015
   0.267643963543768   0.320930908119188  -0.182685354935848  -1.542037180255188
   1.802637348853450   0.785401540514641  -4.351920103682123   6.467979279053804
  -5.870965741111076   2.693168408053634
   2   2  18  12
  2731601.6584335463   408859.4808990746    93307.3526837512    26379.9303749420
     8563.2661273320     3069.8028511135     1177.6574343386        0.1803281900
      472.6940520998      195.6132409748       83.0173164539       35.8644032904
       15.7285856714        6.9279523072        3.0182795798        1.1960133200
        0.4435357865        0.0730000000
   0.004906532374684   0.014424763593169   0.034496680266619   0.074068946800710
   0.143290984778546   0.246334216050318   0.350001248272302   0.000002238010111
   0.338034363477000   0.141412435416302   0.010631846961829   0.001923617931860
   0.000495893993905   0.000736876778013   0.000237736486333   0.000107686398494
   0.000016940011695   0.000000000000000  -0.000872912050320  -0.002573934963530
  -0.005947578989778  -0.012330171715031  -0.019497618782817  -0.018822752771907
   0.035855139950111  -0.000004208946453   0.180651488490875   0.189879958934119
  -0.445733193497481  -0.632651508365876  -0.117400832579585  -0.001588019388145
   0.000296751738873   0.000009717879284   0.000039664998783   0.000000000000000
  -0.000645676878410  -0.001913820399613  -0.004481770232217  -0.009676626306552
  -0.017411489297211  -0.027782579327036  -0.025805810189125   0.000227915891257
  -0.006386286726861   0.002611665632974   0.035322916913950   0.511077403529301
  -0.094867515036429  -0.882454500070908  -0.199477081320944   0.002661521448007
  -0.001292863100930   0.000000000000000  -0.000355998396041  -0.001101233955708
  -0.002390637882003  -0.005578776786472  -0.008222924066708  -0.013693492707590
   0.003191001458765   0.008350331870325   0.026207826115654   0.055267358560048
  -0.118109765817594  -0.017039160671661  -0.151943965768943   0.580331880837872
   0.127572831831464  -1.036406450514642  -0.173006873898511   0.000000000000000
  -0.008677600500293  -0.025572061056830  -0.060245799678215  -0.127728381320483
  -0.228311432179851  -0.331773100944226  -0.207837234655344  -0.000979363933654
   0.489187033483154   0.845096349161120  -0.957244168824225  -0.132888553760633
   1.116963572130260  -0.602087011626939  -0.130173255338828   0.184790477507005
   0.026742979614375   0.000000000000000  -0.004206770824369  -0.012734993521490
  -0.028663785517151  -0.064150184481925  -0.103538755853304  -0.163802056435328
  -0.038421026413939   0.046820502641370   0.174621995708226   0.306772601435666
  -0.722631552731584   1.670272711288663  -1.628171515830274  -0.562648304155799
   2.363476252583452  -1.875036612935537   0.705436179799928   0.000000000000000
   0.002047333797271   0.006461490149715   0.013027619080995   0.030157799718803
   0.026632453660341   0.002032770901400  -0.335202604104593  -0.050456559737885
  -0.005592105277547  -0.227845794887765   2.144568188190106  -2.179559763110486
   0.345459230396121   0.759511589191314  -0.926065984970933   0.901820645464823
  -0.553573114605085   0.000000000000000   0.000093308606505   0.000293836181558
   0.000640781321350   0.001603425141929   0.002746170437982   0.006638390843699
   0.010396730582593   1.872098577415355  -0.025266840170622   0.019546025647514
   0.009757664380993  -0.163650669754825   0.306312183856867  -0.047125145018351
  -0.861455403249917   2.144021787537562  -2.923551568203543   0.000000000000000
  -0.000090512876986  -0.000281991013917  -0.000614862398971  -0.001481985413310
  -0.002379763986418  -0.004941194170814  -0.004767891059859  -2.779120198296162
   0.014783611957983  -0.006828192612296  -0.018344985313309   0.108631326080317
  -0.181417870340955   0.032188293691478   0.460388021278673  -1.229158593661553
   2.175997118835152   2.013374654301668   0.019834472576413   0.022185969626438
   0.028636226483906   0.037978577373012   0.042926446792740   0.033614504145427
  -0.083066325340377   1.026828660574220  -0.058745721384796  -0.117518430463385
   0.692570311078054  -0.766188593405461  -0.042700779055409   0.954263439356829
  -0.749140605306986  -0.362872302427181   0.199899161453164  -0.274708796348598
   0.107065482971754   0.111322189953358   0.122982283594397   0.146350983749668
   0.102137220262008   0.105096223048195  -0.382811173113932  -0.691702504608098
   0.224859766673588  -0.511906271363442   1.789450429686831  -3.725564054067539
   5.278580387118210  -5.519439701785394   4.304903451557712  -2.596864868057005
   1.406090844324165   0.230866364986024   0.364255694733914   0.336259144889153
   0.326214630173417   0.216013201605133   0.052164955482810  -0.272085227920014
  -0.156855502722064   0.199554258576545   0.052564722864236   0.847298017266391
  -1.872223122860967   2.497015358954714  -2.589960502821241   2.225354790744027
  -1.573373346794565   0.946504640567498  -0.511058130297647  -0.069414559245751
   2   3  14   9
    54250.6937000000    12847.3483027901     3042.4377514958      986.4335553908
      375.2075310259      157.6892163341       70.4823506200       32.7196868246
       14.6128763802        6.7552364934        3.0657463604        1.3490579040
        0.5642518771        0.2360000000
  -0.011463975051376  -0.006264103162792   0.031322206785733   0.093492681195343
   0.236644888917664   0.399909185890495   0.395410199037299   0.134147157876382
  -0.055533921357070  -0.055574137729087  -0.022732144254807  -0.006187566403223
  -0.000550559327909   0.000000000000000   0.000026430572887  -0.000053172688357
  -0.000982584356004  -0.003840634475749  -0.019822012599371  -0.053966682936814
  -0.096188739983506   0.091497590871846   0.508417921527194   0.461907198028636
   0.088536518713608   0.000721155091351   0.000306198214982   0.000000000000000
   0.000853471233518   0.000483372148631  -0.002538069307905  -0.007193771536913
  -0.021011378128379  -0.035943518618924  -0.048847032822597   0.025337964620433
   0.161505205212843   0.278348201450073  -0.300417484408782  -0.687358638246515
  -0.209896806440625   0.000000000000000   0.226179427729210   0.244349091569058
   0.010529509425899   0.028651449671975  -0.286701328990704  -0.460905166830658
   0.209883453367346   0.890344900540615  -0.163074615646912  -0.558862159058293
   0.121304552629604   0.109882806662950   0.009766796600596   0.000000000000000
  -0.316900573370881  -0.350594901888997  -0.059657938699450  -0.172539802438962
   0.081318337712609   0.188287357819584  -0.400361297281419  -0.051899463573884
   1.061070938858091  -0.686689452173522  -0.607999387036692   0.475006857972725
   0.182363594791157   0.000000000000000  -0.229249960818025  -0.255549822163090
  -0.055164750174114  -0.156321810698654  -0.015274469163908   0.080555593945057
  -0.179107952351218   0.314380974698425   0.222808279065201  -1.089811016747756
   1.064589831172052   0.264215973356512  -0.933413647924666   0.000000000000000
  -0.176041977091846  -0.198233693836931  -0.055922909635687  -0.152958208094977
  -0.091988045360710   0.015617945168364  -0.049592729262864   0.545850897113554
  -0.464775792225204  -0.650603790034559   2.025176675912522  -2.333575039688236
   1.348213107335322   0.000000000000000  -0.049188329638748  -0.081126071590522
   0.458944770518602   0.202695762576887   0.327087832866649   0.009992650583739
  -0.938318900684384   0.537131874715144   0.814285532070194  -1.806398948067072
   1.801238601497516  -1.166619815340542   0.432269173778393   0.000000000000000
   0.034508051064182   0.043228907635656  -0.055487220172262  -0.000531762362624
  -0.016835040315574   0.005404764276302   0.130001820509645  -0.246094441802426
   0.144771673997587   0.246973292201490  -0.875997071951892   1.583130153292450
  -2.146181383831574   1.729309842780281
   2   4  11   7
      472.6940520998      195.6132409748       83.0173164539       35.8644032904
       15.7285856714        6.9279523072        3.0182795798        1.1960133200
        0.4435357865        0.1803281900        0.0730000000
   0.022845359287060   0.057736780075082   0.171901164400612   0.339483961896014
   0.421507302186109   0.273966867189837   0.062644151353188   0.002216728470520
   0.000111019162037   0.000000000000000   0.000000000000000  -0.255389201302427
  -0.216560246479240  -0.390293368690697  -0.214593547449209   0.119903736909196
   0.432811928663537   0.205738814890400   0.016002347887583   0.000660834324558
   0.000000000000000   0.000000000000000   0.104952089116991   0.076993946805833
   0.119723575085872  -0.017742651848137  -0.166716258016433  -0.198962936671576
   0.317968429390143   0.613242791279584   0.270855694339763   0.000000000000000
   0.000000000000000  -0.164266577518579  -0.110962866134613  -0.139421328845606
   0.086713758017719   0.276757181314141   0.090163913255827  -0.724551224023175
   0.001223889043937   0.786098518980279   0.000000000000000   0.000000000000000
   0.158300194103731   0.117823311814572   0.093809918129327  -0.099236799208813
  -0.317670116480158   0.085517030120901   0.947006506583345  -1.451159103864378
   0.991017986336242   0.000000000000000   0.000000000000000  -0.051037274677125
  -0.018930924449420  -0.023049734152535   0.061389760319391   0.050667754650675
  -0.102088793849094  -0.121720308616635   0.558037045375891  -1.204111375569448
   1.394360076962433   0.000000000000000   0.015065629851068   0.011221261110938
   0.004303639731683  -0.011955211488165  -0.031256853034499   0.031501650095150
   0.092333703247224  -0.324943591626520   0.764875697278677  -1.352196002155192
   1.428152777770143
   2   5   1   1
        0.5642518771
   1.000000000000000
